Query times: 10000000
tau: 0.1
terms: 12
diff_ML: 0.1972575
diff_pos_ML: 0.20262827406110107
diff_neg_ML: 0.19169924722677759
acc_data: 0.5087755
TPR_data: 0.5000627235715182
TNP_data: 0.5174817303657285
([1, 3, 4, 10, 17, 26, 33, 35, 36, 42, 49, 58], 64) ([1, 10, 17, 19, 26, 33, 34, 35, 42, 49, 50, 58], 64) ([1, 3, 10, 11, 17, 26, 33, 35, 42, 43, 49, 58], 64) ([1, 2, 3, 10, 17, 18, 26, 33, 42, 49, 51, 58], 64) ([1, 2, 4, 10, 17, 18, 19, 26, 33, 35, 36, 42, 49, 58], 64) ([1, 2, 3, 10, 17, 18, 26, 33, 34, 35, 42, 49, 50, 58], 64) ([1, 3, 4, 10, 17, 26, 33, 34, 36, 42, 49, 50, 51, 58], 64) ([1, 2, 3, 10, 17, 18, 20, 26, 33, 35, 36, 42, 49, 58], 64) ([1, 3, 4, 10, 17, 26, 33, 34, 35, 42, 49, 50, 52, 58], 64) ([1, 3, 4, 10, 17, 20, 26, 33, 34, 35, 42, 49, 50, 58], 64) ([1, 2, 3, 10, 17, 18, 26, 33, 35, 36, 42, 49, 52, 58], 64) ([1, 2, 3, 4, 10, 11, 17, 18, 26, 33, 34, 35, 36, 42, 43, 49, 50, 58], 64)
0.345422 0.183162 -0.092322 0.18074 -0.174346 0.355262 -0.175976 -0.087032 -0.08644 0.086996 0.084908 -0.08869
